Vertex Count: 942

Data:

0.238 8.0197 0.9416 0 1 -0.6379 -0.4098 0.6521
0.3194 8.2477 0.7592 0 0 -0.1732 0.9069 -0.3841
-0.2988 7.5472 0.0375 1 0 -0.8202 0.558 -0.1259
-0.2988 7.5472 0.0375 0 1 -0.8202 0.558 -0.1259
0.3194 8.2477 0.7592 0 0 -0.1732 0.9069 -0.3841
-0.0016 7.5465 -0.2774 1 0 0.0264 0.7839 -0.6204
0.3194 8.2477 0.7592 0 1 -0.1732 0.9069 -0.3841
0.5117 8.0193 0.8113 0 0 0.9046 -0.4142 -0.1011
-0.0016 7.5465 -0.2774 1 0 0.0264 0.7839 -0.6204
-0.0016 7.5465 -0.2774 0 1 0.0264 0.7839 -0.6204
0.5117 8.0193 0.8113 0 0 0.9046 -0.4142 -0.1011
0.1225 7.5468 0.1374 1 0 0.6008 -0.7893 0.1266
0.5117 8.0193 0.8113 1 0 0.9046 -0.4142 -0.1011
0.238 8.0197 0.9416 1 1 -0.6379 -0.4098 0.6521
0.1225 7.5468 0.1374 0 1 0.6008 -0.7893 0.1266
0.1225 7.5468 0.1374 0 1 0.6008 -0.7893 0.1266
0.238 8.0197 0.9416 0 0 -0.6379 -0.4098 0.6521
-0.2988 7.5472 0.0375 1 0 -0.8202 0.558 -0.1259
0.9175 8.0176 -0.3315 0 1 0.6356 -0.4343 0.6383
0.7357 8.246 -0.4129 0 0 -0.4202 0.8902 0.1763
0.1225 7.5468 0.1374 1 0 0.2149 0.2196 0.9516
0.1225 7.5468 0.1374 0 1 0.2149 0.2196 0.9516
0.7357 8.246 -0.4129 0 0 -0.4202 0.8902 0.1763
-0.2988 7.5472 0.0375 1 0 -0.4915 0.8558 0.1611
0.7357 8.246 -0.4129 0 1 -0.4202 0.8902 0.1763
1.6633 8.5738 -1.0014 0 0 -0.1346 -0.4261 -0.8946
-0.2988 7.5472 0.0375 1 0 -0.4915 0.8558 0.1611
-0.2988 7.5472 0.0375 0 1 -0.4915 0.8558 0.1611
1.6633 8.5738 -1.0014 0 0 -0.1346 -0.4261 -0.8946
-0.0016 7.5465 -0.2774 1 0 -0.4093 -0.0309 -0.9119
1.6633 8.5738 -1.0014 1 0 -0.1346 -0.4261 -0.8946
0.9175 8.0176 -0.3315 1 1 0.6356 -0.4343 0.6383
-0.0016 7.5465 -0.2774 0 1 -0.4093 -0.0309 -0.9119
-0.0016 7.5465 -0.2774 0 1 -0.4093 -0.0309 -0.9119
0.9175 8.0176 -0.3315 0 0 0.6356 -0.4343 0.6383
0.1225 7.5468 0.1374 1 0 0.2149 0.2196 0.9516
-0.3555 8.0182 -1.011 0 1 0.6748 -0.4502 -0.5848
-0.4364 8.2468 -0.8291 0 0 0.2124 0.8556 0.472
-0.0016 7.5465 -0.2774 1 0 0.731 -0.3061 -0.6099
-0.0016 7.5465 -0.2774 0 1 0.731 -0.3061 -0.6099
-0.4364 8.2468 -0.8291 0 0 0.2124 0.8556 0.472
0.1225 7.5468 0.1374 1 0 0.2854 0.8975 0.3361
-0.4364 8.2468 -0.8291 0 1 0.2124 0.8556 0.472
-0.6292 8.0187 -0.8807 0 0 -0.8679 -0.4578 0.193
0.1225 7.5468 0.1374 1 0 0.2854 0.8975 0.3361
0.1225 7.5468 0.1374 0 1 0.2854 0.8975 0.3361
-0.6292 8.0187 -0.8807 0 0 -0.8679 -0.4578 0.193
-0.2988 7.5472 0.0375 1 0 -0.5338 0.6847 0.4963
-0.6292 8.0187 -0.8807 1 0 -0.8679 -0.4578 0.193
-0.3555 8.0182 -1.011 1 1 0.6748 -0.4502 -0.5848
-0.2988 7.5472 0.0375 0 1 -0.5338 0.6847 0.4963
-0.2988 7.5472 0.0375 0 1 -0.5338 0.6847 0.4963
-0.3555 8.0182 -1.011 0 0 0.6748 -0.4502 -0.5848
-0.0016 7.5465 -0.2774 1 0 0.731 -0.3061 -0.6099
-1.035 8.0204 0.2621 0 1 -0.6473 -0.4093 -0.643
-0.8526 8.2486 0.343 0 0 0.3741 0.9093 -0.1821
-0.0016 7.5465 -0.2774 1 0 0.3234 0.737 -0.5936
-0.0016 7.5465 -0.2774 0 1 0.3234 0.737 -0.5936
-0.8526 8.2486 0.343 0 0 0.3741 0.9093 -0.1821
0.1225 7.5468 0.1374 1 0 0.7074 0.646 0.2868
-0.8526 8.2486 0.343 0 1 0.3741 0.9093 -0.1821
-0.9048 8.0206 0.5358 0 0 0.0834 -0.4078 0.9093
0.1225 7.5468 0.1374 1 0 0.7074 0.646 0.2868
0.1225 7.5468 0.1374 0 1 0.7074 0.646 0.2868
-0.9048 8.0206 0.5358 0 0 0.0834 -0.4078 0.9093
-0.2988 7.5472 0.0375 1 0 -0.4628 -0.8864 0.009
-0.9048 8.0206 0.5358 1 0 0.0834 -0.4078 0.9093
-1.035 8.0204 0.2621 1 1 -0.6473 -0.4093 -0.643
-0.2988 7.5472 0.0375 0 1 -0.4628 -0.8864 0.009
-0.2988 7.5472 0.0375 0 1 -0.4628 -0.8864 0.009
-1.035 8.0204 0.2621 0 0 -0.6473 -0.4093 -0.643
-0.0016 7.5465 -0.2774 1 0 0.3234 0.737 -0.5936
1.0989 9.1362 2.6586 0 1 -0.6689 -0.4236 0.6108
1.16 9.3072 2.5218 0 0 -0.2037 0.879 -0.4312
0.238 8.0197 0.9416 1 0 -0.6379 -0.4098 0.6521
0.238 8.0197 0.9416 0 1 -0.6379 -0.4098 0.6521
1.16 9.3072 2.5218 0 0 -0.2037 0.879 -0.4312
0.3194 8.2477 0.7592 1 0 -0.1732 0.9069 -0.3841
1.16 9.3072 2.5218 0 1 -0.2037 0.879 -0.4312
1.3042 9.1359 2.5609 0 0 0.8948 -0.4262 -0.1333
0.3194 8.2477 0.7592 1 0 -0.1732 0.9069 -0.3841
0.3194 8.2477 0.7592 0 1 -0.1732 0.9069 -0.3841
1.3042 9.1359 2.5609 0 0 0.8948 -0.4262 -0.1333
0.5117 8.0193 0.8113 1 0 0.9046 -0.4142 -0.1011
1.3042 9.1359 2.5609 1 0 0.8948 -0.4262 -0.1333
1.0989 9.1362 2.6586 1 1 -0.6689 -0.4236 0.6108
0.5117 8.0193 0.8113 0 1 0.9046 -0.4142 -0.1011
0.5117 8.0193 0.8113 0 1 0.9046 -0.4142 -0.1011
1.0989 9.1362 2.6586 0 0 -0.6689 -0.4236 0.6108
0.238 8.0197 0.9416 1 0 -0.6379 -0.4098 0.6521
3.4968 9.6866 -1.6228 1 0 0.6099 -0.425 0.6689
0.7357 8.246 -0.4129 1 1 -0.4202 0.8902 0.1763
0.9175 8.0176 -0.3315 0 1 0.6356 -0.4343 0.6383
1.6633 8.5738 -1.0014 0 1 -0.1346 -0.4261 -0.8946
3.4968 9.6866 -1.6228 0 0 0.6099 -0.425 0.6689
0.9175 8.0176 -0.3315 1 0 0.6356 -0.4343 0.6383
-1.2139 9.1328 -2.7305 0 1 0.668 -0.4264 -0.6099
-1.2746 9.3042 -2.5941 0 0 0.2057 0.8795 0.4292
-0.3555 8.0182 -1.011 1 0 0.6748 -0.4502 -0.5848
-0.3555 8.0182 -1.011 0 1 0.6748 -0.4502 -0.5848
-1.2746 9.3042 -2.5941 0 0 0.2057 0.8795 0.4292
-0.4364 8.2468 -0.8291 1 0 0.2124 0.8556 0.472
-1.2746 9.3042 -2.5941 0 1 0.2057 0.8795 0.4292
-1.4192 9.1331 -2.6328 0 0 -0.8957 -0.4239 0.1343
-0.4364 8.2468 -0.8291 1 0 0.2124 0.8556 0.472
-0.4364 8.2468 -0.8291 0 1 0.2124 0.8556 0.472
-1.4192 9.1331 -2.6328 0 0 -0.8957 -0.4239 0.1343
-0.6292 8.0187 -0.8807 1 0 -0.8679 -0.4578 0.193
-1.4192 9.1331 -2.6328 1 0 -0.8957 -0.4239 0.1343
-1.2139 9.1328 -2.7305 1 1 0.668 -0.4264 -0.6099
-0.6292 8.0187 -0.8807 0 1 -0.8679 -0.4578 0.193
-0.6292 8.0187 -0.8807 0 1 -0.8679 -0.4578 0.193
-1.2139 9.1328 -2.7305 0 0 0.668 -0.4264 -0.6099
-0.3555 8.0182 -1.011 1 0 0.6748 -0.4502 -0.5848
-2.752 9.1388 1.1205 0 1 -0.6108 -0.4251 -0.668
-2.6152 9.3099 1.1812 0 0 0.4312 0.8785 -0.2057
-1.035 8.0204 0.2621 1 0 -0.6473 -0.4093 -0.643
-1.035 8.0204 0.2621 0 1 -0.6473 -0.4093 -0.643
-2.6152 9.3099 1.1812 0 0 0.4312 0.8785 -0.2057
-0.8526 8.2486 0.343 1 0 0.3741 0.9093 -0.1821
-2.6152 9.3099 1.1812 0 1 0.4312 0.8785 -0.2057
-2.6544 9.1389 1.3258 0 0 0.1333 -0.4242 0.8957
-0.8526 8.2486 0.343 1 0 0.3741 0.9093 -0.1821
-0.8526 8.2486 0.343 0 1 0.3741 0.9093 -0.1821
-2.6544 9.1389 1.3258 0 0 0.1333 -0.4242 0.8957
-0.9048 8.0206 0.5358 1 0 0.0834 -0.4078 0.9093
-2.6544 9.1389 1.3258 1 0 0.1333 -0.4242 0.8957
-2.752 9.1388 1.1205 1 1 -0.6108 -0.4251 -0.668
-0.9048 8.0206 0.5358 0 1 0.0834 -0.4078 0.9093
-0.9048 8.0206 0.5358 0 1 0.0834 -0.4078 0.9093
-2.752 9.1388 1.1205 0 0 -0.6108 -0.4251 -0.668
-1.035 8.0204 0.2621 1 0 -0.6473 -0.4093 -0.643
0.2701 10.26 0.9131 0 1 -0.6459 -0.4132 0.642
0.3311 10.431 0.7763 0 0 -0.18 0.9014 -0.3937
-0.2364 9.7683 0.0171 1 0 -0.8028 0.5833 -0.1238
-0.2364 9.7683 0.0171 0 1 -0.8028 0.5833 -0.1238
0.3311 10.431 0.7763 0 0 -0.18 0.9014 -0.3937
-0.0135 9.7678 -0.2191 1 0 0.0239 0.7951 -0.6059
0.3311 10.431 0.7763 0 1 -0.18 0.9014 -0.3937
0.4754 10.2596 0.8154 0 0 0.9019 -0.4179 -0.1095
-0.0135 9.7678 -0.2191 1 0 0.0239 0.7951 -0.6059
-0.0135 9.7678 -0.2191 0 1 0.0239 0.7951 -0.6059
0.4754 10.2596 0.8154 0 0 0.9019 -0.4179 -0.1095
0.0795 9.7681 0.0921 1 0 0.6136 -0.7784 0.1324
0.4754 10.2596 0.8154 1 0 0.9019 -0.4179 -0.1095
0.2701 10.26 0.9131 1 1 -0.6459 -0.4132 0.642
0.0795 9.7681 0.0921 0 1 0.6136 -0.7784 0.1324
0.0795 9.7681 0.0921 0 1 0.6136 -0.7784 0.1324
0.2701 10.26 0.9131 0 0 -0.6459 -0.4132 0.642
-0.2364 9.7683 0.0171 1 0 -0.8028 0.5833 -0.1238
0.894 10.2578 -0.3635 0 1 0.6291 -0.4374 0.6426
0.7576 10.4291 -0.4246 0 0 -0.4259 0.8872 0.1774
0.0795 9.7681 0.0921 1 0 0.2146 0.2399 0.9468
0.0795 9.7681 0.0921 0 1 0.2146 0.2399 0.9468
0.7576 10.4291 -0.4246 0 0 -0.4259 0.8872 0.1774
-0.2364 9.7683 0.0171 1 0 -0.4861 0.8589 0.1612
0.7576 10.4291 -0.4246 0 1 -0.4259 0.8872 0.1774
1.6723 10.8141 -0.965 0 0 -0.135 -0.4263 -0.8944
-0.2364 9.7683 0.0171 1 0 -0.4861 0.8589 0.1612
-0.2364 9.7683 0.0171 0 1 -0.4861 0.8589 0.1612
1.6723 10.8141 -0.965 0 0 -0.135 -0.4263 -0.8944
-0.0135 9.7678 -0.2191 1 0 -0.4058 -0.039 -0.9131
1.6723 10.8141 -0.965 1 0 -0.135 -0.4263 -0.8944
0.894 10.2578 -0.3635 1 1 0.6291 -0.4374 0.6426
-0.0135 9.7678 -0.2191 0 1 -0.4058 -0.039 -0.9131
-0.0135 9.7678 -0.2191 0 1 -0.4058 -0.039 -0.9131
0.894 10.2578 -0.3635 0 0 0.6291 -0.4374 0.6426
0.0795 9.7681 0.0921 1 0 0.2146 0.2399 0.9468
-0.3826 10.2586 -0.9874 0 1 0.6744 -0.4463 -0.5882
-0.4433 10.43 -0.851 0 0 0.212 0.8596 0.465
-0.0135 9.7678 -0.2191 1 0 0.727 -0.3241 -0.6053
-0.0135 9.7678 -0.2191 0 1 0.727 -0.3241 -0.6053
-0.4433 10.43 -0.851 0 0 0.212 0.8596 0.465
0.0795 9.7681 0.0921 1 0 0.2941 0.8918 0.3437
-0.4433 10.43 -0.851 0 1 0.212 0.8596 0.465
-0.5879 10.2589 -0.8897 0 0 -0.8734 -0.4515 0.1826
0.0795 9.7681 0.0921 1 0 0.2941 0.8918 0.3437
0.0795 9.7681 0.0921 0 1 0.2941 0.8918 0.3437
-0.5879 10.2589 -0.8897 0 0 -0.8734 -0.4515 0.1826
-0.2364 9.7683 0.0171 1 0 -0.5526 0.6469 0.5255
-0.5879 10.2589 -0.8897 1 0 -0.8734 -0.4515 0.1826
-0.3826 10.2586 -0.9874 1 1 0.6744 -0.4463 -0.5882
-0.2364 9.7683 0.0171 0 1 -0.5526 0.6469 0.5255
-0.2364 9.7683 0.0171 0 1 -0.5526 0.6469 0.5255
-0.3826 10.2586 -0.9874 0 0 0.6744 -0.4463 -0.5882
-0.0135 9.7678 -0.2191 1 0 0.727 -0.3241 -0.6053
-1.0065 10.2607 0.2891 0 1 -0.6383 -0.4138 -0.6491
-0.8697 10.4318 0.3498 0 0 0.3859 0.9035 -0.1867
-0.0135 9.7678 -0.2191 1 0 0.3165 0.7525 -0.5775
-0.0135 9.7678 -0.2191 0 1 0.3165 0.7525 -0.5775
-0.8697 10.4318 0.3498 0 0 0.3859 0.9035 -0.1867
0.0795 9.7681 0.0921 1 0 0.6903 0.6677 0.2787
-0.8697 10.4318 0.3498 0 1 0.3859 0.9035 -0.1867
-0.9088 10.2608 0.4944 0 0 0.0956 -0.412 0.9062
0.0795 9.7681 0.0921 1 0 0.6903 0.6677 0.2787
0.0795 9.7681 0.0921 0 1 0.6903 0.6677 0.2787
-0.9088 10.2608 0.4944 0 0 0.0956 -0.412 0.9062
-0.2364 9.7683 0.0171 1 0 -0.4776 -0.8785 0.0096
-0.9088 10.2608 0.4944 1 0 0.0956 -0.412 0.9062
-1.0065 10.2607 0.2891 1 1 -0.6383 -0.4138 -0.6491
-0.2364 9.7683 0.0171 0 1 -0.4776 -0.8785 0.0096
-0.2364 9.7683 0.0171 0 1 -0.4776 -0.8785 0.0096
-1.0065 10.2607 0.2891 0 0 -0.6383 -0.4138 -0.6491
-0.0135 9.7678 -0.2191 1 0 0.3165 0.7525 -0.5775
0.417 8.3263 2.7178 0 1 -0.959 0.1651 -0.2304
0.5809 8.3892 2.7782 0 0 0.5768 0.7533 0.3161
0.6685 8.578 1.8001 1 0 -0.8908 -0.3907 -0.232
0.6685 8.578 1.8001 0 1 -0.8908 -0.3907 -0.232
0.5809 8.3892 2.7782 0 0 0.5768 0.7533 0.3161
0.7397 8.7775 1.6405 1 0 0.3155 0.8275 0.4644
0.5809 8.3892 2.7782 0 1 0.5768 0.7533 0.3161
0.5652 8.2144 2.7175 0 0 0.4302 -0.8674 -0.25
0.7397 8.7775 1.6405 1 0 0.3155 0.8275 0.4644
0.7397 8.7775 1.6405 0 1 0.3155 0.8275 0.4644
0.5652 8.2144 2.7175 0 0 0.4302 -0.8674 -0.25
0.908 8.5776 1.6861 1 0 0.8435 0.3073 0.4406
0.5652 8.2144 2.7175 1 0 0.4302 -0.8674 -0.25
0.417 8.3263 2.7178 1 1 -0.959 0.1651 -0.2304
0.908 8.5776 1.6861 0 1 0.8435 0.3073 0.4406
0.908 8.5776 1.6861 0 1 0.8435 0.3073 0.4406
0.417 8.3263 2.7178 0 0 -0.959 0.1651 -0.2304
0.6685 8.578 1.8001 1 0 -0.8908 -0.3907 -0.232
1.7078 8.236 2.159 0 1 -0.329 -0.9217 0.2054
1.7407 8.4111 2.2112 0 0 -0.0132 0.7104 0.7036
0.6685 8.578 1.8001 1 0 -0.4162 0.2414 0.8766
0.6685 8.578 1.8001 0 1 -0.4162 0.2414 0.8766
1.7407 8.4111 2.2112 0 0 -0.0132 0.7104 0.7036
0.7397 8.7775 1.6405 1 0 0.0302 0.9139 0.4049
1.7407 8.4111 2.2112 0 1 -0.0132 0.7104 0.7036
1.7955 8.3524 2.0439 0 0 0.4782 0.1615 -0.8633
0.7397 8.7775 1.6405 1 0 0.0302 0.9139 0.4049
0.7397 8.7775 1.6405 0 1 0.0302 0.9139 0.4049
1.7955 8.3524 2.0439 0 0 0.4782 0.1615 -0.8633
0.908 8.5776 1.6861 1 0 0.1749 -0.4761 -0.8618
1.7955 8.3524 2.0439 1 0 0.4782 0.1615 -0.8633
1.7078 8.236 2.159 1 1 -0.329 -0.9217 0.2054
0.908 8.5776 1.6861 0 1 0.1749 -0.4761 -0.8618
0.908 8.5776 1.6861 0 1 0.1749 -0.4761 -0.8618
1.7078 8.236 2.159 0 0 -0.329 -0.9217 0.2054
0.6685 8.578 1.8001 1 0 -0.4162 0.2414 0.8766
1.5026 9.4581 1.4874 0 1 0.6559 -0.5465 -0.5207
1.4433 9.5334 1.6464 0 0 0.1111 0.1509 0.9823
0.908 8.5776 1.6861 1 0 0.7048 -0.5375 0.4629
0.908 8.5776 1.6861 0 1 0.7048 -0.5375 0.4629
1.4433 9.5334 1.6464 0 0 0.1111 0.1509 0.9823
0.6685 8.578 1.8001 1 0 -0.0115 0.1679 0.9857
1.4433 9.5334 1.6464 1 0 0.1111 0.1509 0.9823
0.7397 8.7775 1.6405 1 1 -0.7924 0.5481 -0.2677
0.6685 8.578 1.8001 0 1 -0.0115 0.1679 0.9857
0.7397 8.7775 1.6405 0 1 -0.7924 0.5481 -0.2677
1.5026 9.4581 1.4874 0 0 0.6559 -0.5465 -0.5207
0.908 8.5776 1.6861 1 0 0.7048 -0.5375 0.4629
0.2117 9.5484 2.0462 0 1 0.0424 0.4746 -0.8792
0.2836 9.5115 2.2133 0 0 0.718 0.1229 0.6851
0.7397 8.7775 1.6405 1 0 0.305 0.5936 -0.7447
0.7397 8.7775 1.6405 0 1 0.305 0.5936 -0.7447
0.2836 9.5115 2.2133 0 0 0.718 0.1229 0.6851
0.908 8.5776 1.6861 1 0 0.7352 0.2062 0.6457
0.2836 9.5115 2.2133 0 1 0.718 0.1229 0.6851
0.1241 9.4321 2.1612 0 0 -0.7556 -0.6277 0.1874
0.908 8.5776 1.6861 1 0 0.7352 0.2062 0.6457
0.908 8.5776 1.6861 0 1 0.7352 0.2062 0.6457
0.1241 9.4321 2.1612 0 0 -0.7556 -0.6277 0.1874
0.6685 8.578 1.8001 1 0 -0.038 -0.3902 0.9199
0.1241 9.4321 2.1612 1 0 -0.7556 -0.6277 0.1874
0.2117 9.5484 2.0462 1 1 0.0424 0.4746 -0.8792
0.6685 8.578 1.8001 0 1 -0.038 -0.3902 0.9199
0.6685 8.578 1.8001 0 1 -0.038 -0.3902 0.9199
0.2117 9.5484 2.0462 0 0 0.0424 0.4746 -0.8792
0.7397 8.7775 1.6405 1 0 0.305 0.5936 -0.7447
1.5153 9.2185 -1.8044 0 1 -0.33 -0.7691 -0.5474
1.6539 9.3267 -1.7447 0 0 0.9699 0.2429 0.0142
1.6633 8.5738 -1.0014 1 0 0.2774 -0.7648 -0.5814
1.6633 8.5738 -1.0014 0 1 0.2774 -0.7648 -0.5814
1.6539 9.3267 -1.7447 0 0 0.9699 0.2429 0.0142
1.7773 8.5739 -0.7619 1 0 0.9736 0.2282 0.0084
1.6539 9.3267 -1.7447 0 1 0.9699 0.2429 0.0142
1.4794 9.3615 -1.6915 0 0 -0.6529 0.548 0.523
1.7773 8.5739 -0.7619 1 0 0.9736 0.2282 0.0084
1.7773 8.5739 -0.7619 0 1 0.9736 0.2282 0.0084
1.4794 9.3615 -1.6915 0 0 -0.6529 0.548 0.523
1.6181 8.7738 -0.8332 1 0 0.0938 0.8301 0.5497
1.4794 9.3615 -1.6915 1 0 -0.6529 0.548 0.523
1.5153 9.2185 -1.8044 1 1 -0.33 -0.7691 -0.5474
1.6181 8.7738 -0.8332 0 1 0.0938 0.8301 0.5497
1.6181 8.7738 -0.8332 0 1 0.0938 0.8301 0.5497
1.5153 9.2185 -1.8044 0 0 -0.33 -0.7691 -0.5474
1.6633 8.5738 -1.0014 1 0 0.2774 -0.7648 -0.5814
1.8345 9.6893 -0.5148 0 1 -0.9052 0.3016 -0.2994
2.0142 9.6594 -0.5504 0 0 0.7733 0.0082 -0.634
1.6181 8.7738 -0.8332 1 0 -0.9395 0.3346 -0.0738
1.6181 8.7738 -0.8332 0 1 -0.9395 0.3346 -0.0738
2.0142 9.6594 -0.5504 0 0 0.7733 0.0082 -0.634
1.6633 8.5738 -1.0014 1 0 0.6738 0.1929 -0.7133
2.0142 9.6594 -0.5504 0 1 0.7733 0.0082 -0.634
1.9436 9.614 -0.3848 0 0 0.1114 -0.4222 0.8996
1.6633 8.5738 -1.0014 1 0 0.6738 0.1929 -0.7133
1.6633 8.5738 -1.0014 0 1 0.6738 0.1929 -0.7133
1.9436 9.614 -0.3848 0 0 0.1114 -0.4222 0.8996
1.7773 8.5739 -0.7619 1 0 0.9938 -0.1084 -0.026
1.9436 9.614 -0.3848 1 0 0.1114 -0.4222 0.8996
1.8345 9.6893 -0.5148 1 1 -0.9052 0.3016 -0.2994
1.7773 8.5739 -0.7619 0 1 0.9938 -0.1084 -0.026
1.7773 8.5739 -0.7619 0 1 0.9938 -0.1084 -0.026
1.8345 9.6893 -0.5148 0 0 -0.9052 0.3016 -0.2994
1.6181 8.7738 -0.8332 1 0 -0.9395 0.3346 -0.0738
2.6456 8.5564 -0.302 0 1 -0.3224 0.3395 0.8836
2.7268 8.586 -0.4664 0 0 0.4499 0.6198 -0.643
1.6181 8.7738 -0.8332 1 0 0.1721 0.9265 -0.3346
1.6181 8.7738 -0.8332 0 1 0.1721 0.9265 -0.3346
2.7268 8.586 -0.4664 0 0 0.4499 0.6198 -0.643
1.6633 8.5738 -1.0014 1 0 0.3597 0.2359 -0.9027
2.7268 8.586 -0.4664 0 1 0.4499 0.6198 -0.643
2.6814 8.4134 -0.4149 0 0 0.0089 -0.9864 -0.1643
1.6633 8.5738 -1.0014 1 0 0.3597 0.2359 -0.9027
1.6633 8.5738 -1.0014 0 1 0.3597 0.2359 -0.9027
2.6814 8.4134 -0.4149 0 0 0.0089 -0.9864 -0.1643
1.7773 8.5739 -0.7619 1 0 -0.4258 -0.6596 0.6194
2.6814 8.4134 -0.4149 1 0 0.0089 -0.9864 -0.1643
2.6456 8.5564 -0.302 1 1 -0.3224 0.3395 0.8836
1.7773 8.5739 -0.7619 0 1 -0.4258 -0.6596 0.6194
1.7773 8.5739 -0.7619 0 1 -0.4258 -0.6596 0.6194
2.6456 8.5564 -0.302 0 0 -0.3224 0.3395 0.8836
1.6181 8.7738 -0.8332 1 0 0.1721 0.9265 -0.3346
2.3264 8.0856 -1.5917 0 1 0.2302 -0.7782 0.5843
2.3664 8.2533 -1.6607 0 0 0.6117 0.7883 -0.0654
1.7773 8.5739 -0.7619 1 0 0.7735 0.2291 0.5909
1.7773 8.5739 -0.7619 0 1 0.7735 0.2291 0.5909
2.3664 8.2533 -1.6607 0 0 0.6117 0.7883 -0.0654
1.6181 8.7738 -0.8332 1 0 0.4374 0.8904 -0.1263
2.3664 8.2533 -1.6607 0 1 0.6117 0.7883 -0.0654
2.2173 8.161 -1.7216 0 0 -0.7883 -0.068 -0.6115
1.6181 8.7738 -0.8332 1 0 0.4374 0.8904 -0.1263
1.6181 8.7738 -0.8332 0 1 0.4374 0.8904 -0.1263
2.2173 8.161 -1.7216 0 0 -0.7883 -0.068 -0.6115
1.6633 8.5738 -1.0014 1 0 -0.8443 -0.1899 -0.5011
2.2173 8.161 -1.7216 1 0 -0.7883 -0.068 -0.6115
2.3264 8.0856 -1.5917 1 1 0.2302 -0.7782 0.5843
1.6633 8.5738 -1.0014 0 1 -0.8443 -0.1899 -0.5011
1.6633 8.5738 -1.0014 0 1 -0.8443 -0.1899 -0.5011
2.3264 8.0856 -1.5917 0 0 0.2302 -0.7782 0.5843
1.7773 8.5739 -0.7619 1 0 0.7735 0.2291 0.5909
-0.5853 9.7104 -1.8916 0 1 -0.3449 0.2581 0.9024
-0.6136 9.6833 -2.073 0 0 -0.6113 -0.0102 -0.7914
-0.8555 8.7755 -1.7116 1 0 -0.0132 0.2861 0.9581
-0.8555 8.7755 -1.7116 0 1 -0.0132 0.2861 0.9581
-0.6136 9.6833 -2.073 0 0 -0.6113 -0.0102 -0.7914
-1.0242 8.5759 -1.7568 1 0 -0.71 0.1913 -0.6778
-0.6136 9.6833 -2.073 0 1 -0.6113 -0.0102 -0.7914
-0.4483 9.6442 -1.9981 0 0 0.9205 -0.38 -0.0912
-1.0242 8.5759 -1.7568 1 0 -0.71 0.1913 -0.6778
-1.0242 8.5759 -1.7568 0 1 -0.71 0.1913 -0.6778
-0.4483 9.6442 -1.9981 0 0 0.9205 -0.38 -0.0912
-0.7847 8.5755 -1.8707 1 0 -0.0363 -0.0639 -0.9973
-0.4483 9.6442 -1.9981 1 0 0.9205 -0.38 -0.0912
-0.5853 9.7104 -1.8916 1 1 -0.3449 0.2581 0.9024
-0.7847 8.5755 -1.8707 0 1 -0.0363 -0.0639 -0.9973
-0.7847 8.5755 -1.8707 0 1 -0.0363 -0.0639 -0.9973
-0.5853 9.7104 -1.8916 0 0 -0.3449 0.2581 0.9024
-0.8555 8.7755 -1.7116 1 0 -0.0132 0.2861 0.9581
-0.2912 8.61 -2.7218 0 1 0.8555 0.3734 0.3587
-0.4542 8.6335 -2.8076 0 0 -0.659 0.5983 -0.4558
-0.8555 8.7755 -1.7116 1 0 -0.3416 0.929 -0.1425
-0.8555 8.7755 -1.7116 0 1 -0.3416 0.929 -0.1425
-0.4542 8.6335 -2.8076 0 0 -0.659 0.5983 -0.4558
-1.0242 8.5759 -1.7568 1 0 -0.892 0.2365 -0.3852
-0.4542 8.6335 -2.8076 0 1 -0.659 0.5983 -0.4558
-0.3957 8.4626 -2.7647 0 0 -0.116 -0.9926 -0.0366
-1.0242 8.5759 -1.7568 1 0 -0.892 0.2365 -0.3852
-1.0242 8.5759 -1.7568 0 1 -0.892 0.2365 -0.3852
-0.3957 8.4626 -2.7647 0 0 -0.116 -0.9926 -0.0366
-0.7847 8.5755 -1.8707 1 0 0.5845 -0.7018 0.4072
-0.3957 8.4626 -2.7647 1 0 -0.116 -0.9926 -0.0366
-0.2912 8.61 -2.7218 1 1 0.8555 0.3734 0.3587
-0.7847 8.5755 -1.8707 0 1 0.5845 -0.7018 0.4072
-0.7847 8.5755 -1.8707 0 1 0.5845 -0.7018 0.4072
-0.2912 8.61 -2.7218 0 0 0.8555 0.3734 0.3587
-0.8555 8.7755 -1.7116 1 0 -0.3416 0.929 -0.1425
-1.5654 8.0691 -2.4562 0 1 0.6305 -0.742 -0.2279
-1.6414 8.2341 -2.4945 0 0 -0.0831 0.8012 -0.5926
-0.7847 8.5755 -1.8707 1 0 0.6302 0.2222 -0.744
-0.7847 8.5755 -1.8707 0 1 0.6302 0.2222 -0.744
-1.6414 8.2341 -2.4945 0 0 -0.0831 0.8012 -0.5926
-0.8555 8.7755 -1.7116 1 0 -0.1408 0.8858 -0.4422
-1.6414 8.2341 -2.4945 0 1 -0.0831 0.8012 -0.5926
-1.7023 8.1352 -2.3497 0 0 -0.6297 -0.1155 0.7682
-0.8555 8.7755 -1.7116 1 0 -0.1408 0.8858 -0.4422
-0.8555 8.7755 -1.7116 0 1 -0.1408 0.8858 -0.4422
-1.7023 8.1352 -2.3497 0 0 -0.6297 -0.1155 0.7682
-1.0242 8.5759 -1.7568 1 0 -0.583 -0.1248 0.8028
-1.7023 8.1352 -2.3497 1 0 -0.6297 -0.1155 0.7682
-1.5654 8.0691 -2.4562 1 1 0.6305 -0.742 -0.2279
-1.0242 8.5759 -1.7568 0 1 -0.583 -0.1248 0.8028
-1.0242 8.5759 -1.7568 0 1 -0.583 -0.1248 0.8028
-1.5654 8.0691 -2.4562 0 0 0.6305 -0.742 -0.2279
-0.7847 8.5755 -1.8707 1 0 0.6302 0.2222 -0.744
-1.8595 9.1695 -1.626 0 1 -0.5151 -0.8056 0.2927
-1.8008 9.2839 -1.7599 0 0 0.0377 0.2645 -0.9637
-1.0242 8.5759 -1.7568 1 0 -0.5497 -0.8044 -0.2255
-1.0242 8.5759 -1.7568 0 1 -0.5497 -0.8044 -0.2255
-1.8008 9.2839 -1.7599 0 0 0.0377 0.2645 -0.9637
-0.7847 8.5755 -1.8707 1 0 0.0085 0.239 -0.971
-1.8008 9.2839 -1.7599 0 1 0.0377 0.2645 -0.9637
-1.755 9.3168 -1.5831 0 0 0.4787 0.5535 0.6815
-0.7847 8.5755 -1.8707 1 0 0.0085 0.239 -0.971
-0.7847 8.5755 -1.8707 0 1 0.0085 0.239 -0.971
-1.755 9.3168 -1.5831 0 0 0.4787 0.5535 0.6815
-0.8555 8.7755 -1.7116 1 0 0.4865 0.8602 -0.1532
-1.755 9.3168 -1.5831 1 0 0.4787 0.5535 0.6815
-1.8595 9.1695 -1.626 1 1 -0.5151 -0.8056 0.2927
-0.8555 8.7755 -1.7116 0 1 0.4865 0.8602 -0.1532
-0.8555 8.7755 -1.7116 0 1 0.4865 0.8602 -0.1532
-1.8595 9.1695 -1.626 0 0 -0.5151 -0.8056 0.2927
-1.0242 8.5759 -1.7568 1 0 -0.5497 -0.8044 -0.2255
-1.9723 9.6799 0.4106 0 1 0.9062 0.3273 0.2677
-2.1508 9.6489 0.451 0 0 -0.7616 0.0247 0.6475
-1.7339 8.7793 0.7621 1 0 0.9241 0.366 0.1099
-1.7339 8.7793 0.7621 0 1 0.9241 0.366 0.1099
-2.1508 9.6489 0.451 0 0 -0.7616 0.0247 0.6475
-1.7796 8.5797 0.9308 1 0 -0.6705 0.1979 0.715
-2.1508 9.6489 0.451 0 1 -0.7616 0.0247 0.6475
-2.083 9.5986 0.2857 0 0 -0.1246 -0.4521 -0.8832
-1.7796 8.5797 0.9308 1 0 -0.6705 0.1979 0.715
-1.7796 8.5797 0.9308 0 1 -0.6705 0.1979 0.715
-2.083 9.5986 0.2857 0 0 -0.1246 -0.4521 -0.8832
-1.8935 8.5796 0.6913 1 0 -0.9904 -0.1371 0.0193
-2.083 9.5986 0.2857 1 0 -0.1246 -0.4521 -0.8832
-1.9723 9.6799 0.4106 1 1 0.9062 0.3273 0.2677
-1.8935 8.5796 0.6913 0 1 -0.9904 -0.1371 0.0193
-1.8935 8.5796 0.6913 0 1 -0.9904 -0.1371 0.0193
-1.9723 9.6799 0.4106 0 0 0.9062 0.3273 0.2677
-1.7339 8.7793 0.7621 1 0 0.9241 0.366 0.1099
-2.7718 8.5296 0.2548 0 1 0.4053 0.3377 -0.8495
-2.85 8.5639 0.4197 0 0 -0.2989 0.6537 0.6952
-1.8935 8.5796 0.6913 1 0 0.2555 -0.6319 -0.7317
-1.8935 8.5796 0.6913 0 1 0.2555 -0.6319 -0.7317
-2.85 8.5639 0.4197 0 0 -0.2989 0.6537 0.6952
-1.7339 8.7793 0.7621 1 0 -0.4433 0.834 0.3286
-2.85 8.5639 0.4197 0 1 -0.2989 0.6537 0.6952
-2.8033 8.3903 0.3734 0 0 0.1247 -0.9562 0.2649
-1.7339 8.7793 0.7621 1 0 -0.4433 0.834 0.3286
-1.7339 8.7793 0.7621 0 1 -0.4433 0.834 0.3286
-2.8033 8.3903 0.3734 0 0 0.1247 -0.9562 0.2649
-1.7796 8.5797 0.9308 1 0 -0.5442 0.3189 0.776
-2.8033 8.3903 0.3734 1 0 0.1247 -0.9562 0.2649
-2.7718 8.5296 0.2548 1 1 0.4053 0.3377 -0.8495
-1.7796 8.5797 0.9308 0 1 -0.5442 0.3189 0.776
-1.7796 8.5797 0.9308 0 1 -0.5442 0.3189 0.776
-2.7718 8.5296 0.2548 0 0 0.4053 0.3377 -0.8495
-1.8935 8.5796 0.6913 1 0 0.2555 -0.6319 -0.7317
-2.4197 8.109 1.5532 0 1 -0.232 -0.8018 -0.5508
-2.4606 8.2785 1.6171 0 0 -0.6223 0.781 0.0517
-1.8935 8.5796 0.6913 1 0 -0.7903 0.2324 -0.567
-1.8935 8.5796 0.6913 0 1 -0.7903 0.2324 -0.567
-2.4606 8.2785 1.6171 0 0 -0.6223 0.781 0.0517
-1.7339 8.7793 0.7621 1 0 -0.4321 0.8947 0.1132
-2.4606 8.2785 1.6171 0 1 -0.6223 0.781 0.0517
-2.309 8.1903 1.6781 0 0 0.8004 -0.0372 0.5983
-1.7339 8.7793 0.7621 1 0 -0.4321 0.8947 0.1132
-1.7339 8.7793 0.7621 0 1 -0.4321 0.8947 0.1132
-2.309 8.1903 1.6781 0 0 0.8004 -0.0372 0.5983
-1.7796 8.5797 0.9308 1 0 0.8625 -0.232 0.4497
-2.309 8.1903 1.6781 1 0 0.8004 -0.0372 0.5983
-2.4197 8.109 1.5532 1 1 -0.232 -0.8018 -0.5508
-1.7796 8.5797 0.9308 0 1 0.8625 -0.232 0.4497
-1.7796 8.5797 0.9308 0 1 0.8625 -0.232 0.4497
-2.4197 8.109 1.5532 0 0 -0.232 -0.8018 -0.5508
-1.8935 8.5796 0.6913 1 0 -0.7903 0.2324 -0.567
-1.6202 9.2593 1.709 0 1 0.3525 -0.7429 0.569
-1.7614 9.3634 1.6485 0 0 -0.9728 0.2318 0.0005
-1.7796 8.5797 0.9308 1 0 -0.3098 -0.735 0.6032
-1.7796 8.5797 0.9308 0 1 -0.3098 -0.735 0.6032
-1.7614 9.3634 1.6485 0 0 -0.9728 0.2318 0.0005
-1.8935 8.5796 0.6913 1 0 -0.9748 0.2229 -0.0093
-1.7614 9.3634 1.6485 0 1 -0.9728 0.2318 0.0005
-1.5887 9.3987 1.5904 0 0 0.635 0.5395 -0.5529
-1.8935 8.5796 0.6913 1 0 -0.9748 0.2229 -0.0093
-1.8935 8.5796 0.6913 0 1 -0.9748 0.2229 -0.0093
-1.5887 9.3987 1.5904 0 0 0.635 0.5395 -0.5529
-1.7339 8.7793 0.7621 1 0 -0.0504 0.8039 -0.5926
-1.5887 9.3987 1.5904 1 0 0.635 0.5395 -0.5529
-1.6202 9.2593 1.709 1 1 0.3525 -0.7429 0.569
-1.7339 8.7793 0.7621 0 1 -0.0504 0.8039 -0.5926
-1.7339 8.7793 0.7621 0 1 -0.0504 0.8039 -0.5926
-1.6202 9.2593 1.709 0 0 0.3525 -0.7429 0.569
-1.7796 8.5797 0.9308 1 0 -0.3098 -0.735 0.6032
1.5294 9.6945 3.5171 0 1 -0.6689 -0.4236 0.6108
1.5803 9.837 3.4031 0 0 -0.2038 0.879 -0.4312
1.0989 9.1362 2.6586 1 0 -0.6689 -0.4236 0.6108
1.0989 9.1362 2.6586 0 1 -0.6689 -0.4236 0.6108
1.5803 9.837 3.4031 0 0 -0.2038 0.879 -0.4312
1.16 9.3072 2.5218 1 0 -0.2037 0.879 -0.4312
1.5803 9.837 3.4031 0 1 -0.2038 0.879 -0.4312
1.7004 9.6942 3.4357 0 0 0.8948 -0.4262 -0.1333
1.16 9.3072 2.5218 1 0 -0.2037 0.879 -0.4312
1.16 9.3072 2.5218 0 1 -0.2037 0.879 -0.4312
1.7004 9.6942 3.4357 0 0 0.8948 -0.4262 -0.1333
1.3042 9.1359 2.5609 1 0 0.8948 -0.4262 -0.1333
1.7004 9.6942 3.4357 1 0 0.8948 -0.4262 -0.1333
1.5294 9.6945 3.5171 1 1 -0.6689 -0.4236 0.6108
1.3042 9.1359 2.5609 0 1 0.8948 -0.4262 -0.1333
1.3042 9.1359 2.5609 0 1 0.8948 -0.4262 -0.1333
1.5294 9.6945 3.5171 0 0 -0.6689 -0.4236 0.6108
1.0989 9.1362 2.6586 1 0 -0.6689 -0.4236 0.6108
3.4968 9.6866 -1.6228 0 1 0.6099 -0.425 0.6689
3.3831 9.8293 -1.6737 0 0 -0.4292 0.8799 0.2037
0.7357 8.246 -0.4129 1 0 -0.4202 0.8902 0.1763
3.3831 9.8293 -1.6737 0 1 -0.4292 0.8799 0.2037
3.4154 9.6865 -1.7939 0 0 -0.1343 -0.4259 -0.8948
0.7357 8.246 -0.4129 1 0 -0.4202 0.8902 0.1763
0.7357 8.246 -0.4129 0 1 -0.4202 0.8902 0.1763
3.4154 9.6865 -1.7939 0 0 -0.1343 -0.4259 -0.8948
1.6633 8.5738 -1.0014 1 0 -0.1346 -0.4261 -0.8946
3.4154 9.6865 -1.7939 1 0 -0.1343 -0.4259 -0.8948
3.4968 9.6866 -1.6228 1 1 0.6099 -0.425 0.6689
1.6633 8.5738 -1.0014 0 1 -0.1346 -0.4261 -0.8946
-1.6432 9.6901 -3.5902 0 1 0.668 -0.4264 -0.6099
-1.6937 9.833 -3.4766 0 0 0.2057 0.8795 0.4292
-1.2139 9.1328 -2.7305 1 0 0.668 -0.4264 -0.6099
-1.2139 9.1328 -2.7305 0 1 0.668 -0.4264 -0.6099
-1.6937 9.833 -3.4766 0 0 0.2057 0.8795 0.4292
-1.2746 9.3042 -2.5941 1 0 0.2057 0.8795 0.4292
-1.6937 9.833 -3.4766 0 1 0.2057 0.8795 0.4292
-1.8142 9.6904 -3.5088 0 0 -0.8957 -0.4239 0.1343
-1.2746 9.3042 -2.5941 1 0 0.2057 0.8795 0.4292
-1.2746 9.3042 -2.5941 0 1 0.2057 0.8795 0.4292
-1.8142 9.6904 -3.5088 0 0 -0.8957 -0.4239 0.1343
-1.4192 9.1331 -2.6328 1 0 -0.8957 -0.4239 0.1343
-1.8142 9.6904 -3.5088 1 0 -0.8957 -0.4239 0.1343
-1.6432 9.6901 -3.5902 1 1 0.668 -0.4264 -0.6099
-1.4192 9.1331 -2.6328 0 1 -0.8957 -0.4239 0.1343
-1.4192 9.1331 -2.6328 0 1 -0.8957 -0.4239 0.1343
-1.6432 9.6901 -3.5902 0 0 0.668 -0.4264 -0.6099
-1.2139 9.1328 -2.7305 1 0 0.668 -0.4264 -0.6099
-3.6106 9.698 1.5497 0 1 -0.6108 -0.4251 -0.668
-3.4966 9.8406 1.6003 0 0 0.4312 0.8785 -0.2057
-2.752 9.1388 1.1205 1 0 -0.6108 -0.4251 -0.668
-2.752 9.1388 1.1205 0 1 -0.6108 -0.4251 -0.668
-3.4966 9.8406 1.6003 0 0 0.4312 0.8785 -0.2057
-2.6152 9.3099 1.1812 1 0 0.4312 0.8785 -0.2057
-3.4966 9.8406 1.6003 0 1 0.4312 0.8785 -0.2057
-3.5291 9.6981 1.7208 0 0 0.1333 -0.4242 0.8957
-2.6152 9.3099 1.1812 1 0 0.4312 0.8785 -0.2057
-2.6152 9.3099 1.1812 0 1 0.4312 0.8785 -0.2057
-3.5291 9.6981 1.7208 0 0 0.1333 -0.4242 0.8957
-2.6544 9.1389 1.3258 1 0 0.1333 -0.4242 0.8957
-3.5291 9.6981 1.7208 1 0 0.1333 -0.4242 0.8957
-3.6106 9.698 1.5497 1 1 -0.6108 -0.4251 -0.668
-2.6544 9.1389 1.3258 0 1 0.1333 -0.4242 0.8957
-2.6544 9.1389 1.3258 0 1 0.1333 -0.4242 0.8957
-3.6106 9.698 1.5497 0 0 -0.6108 -0.4251 -0.668
-2.752 9.1388 1.1205 1 0 -0.6108 -0.4251 -0.668
0.7005 10.8182 1.7716 0 1 -0.6689 -0.4236 0.6108
0.7514 10.9607 1.6576 0 0 -0.2038 0.879 -0.4312
0.2701 10.26 0.9131 1 0 -0.6459 -0.4132 0.642
0.2701 10.26 0.9131 0 1 -0.6459 -0.4132 0.642
0.7514 10.9607 1.6576 0 0 -0.2038 0.879 -0.4312
0.3311 10.431 0.7763 1 0 -0.18 0.9014 -0.3937
0.7514 10.9607 1.6576 0 1 -0.2038 0.879 -0.4312
0.8716 10.8179 1.6902 0 0 0.8948 -0.4262 -0.1333
0.3311 10.431 0.7763 1 0 -0.18 0.9014 -0.3937
0.3311 10.431 0.7763 0 1 -0.18 0.9014 -0.3937
0.8716 10.8179 1.6902 0 0 0.8948 -0.4262 -0.1333
0.4754 10.2596 0.8154 1 0 0.9019 -0.4179 -0.1095
0.8716 10.8179 1.6902 1 0 0.8948 -0.4262 -0.1333
0.7005 10.8182 1.7716 1 1 -0.6689 -0.4236 0.6108
0.4754 10.2596 0.8154 0 1 0.9019 -0.4179 -0.1095
0.4754 10.2596 0.8154 0 1 0.9019 -0.4179 -0.1095
0.7005 10.8182 1.7716 0 0 -0.6689 -0.4236 0.6108
0.2701 10.26 0.9131 1 0 -0.6459 -0.4132 0.642
1.7537 10.8142 -0.794 0 1 0.6099 -0.425 0.6689
1.6401 10.9569 -0.8449 0 0 -0.4292 0.8799 0.2037
0.894 10.2578 -0.3635 1 0 0.6291 -0.4374 0.6426
0.894 10.2578 -0.3635 0 1 0.6291 -0.4374 0.6426
1.6401 10.9569 -0.8449 0 0 -0.4292 0.8799 0.2037
0.7576 10.4291 -0.4246 1 0 -0.4259 0.8872 0.1774
1.6401 10.9569 -0.8449 0 1 -0.4292 0.8799 0.2037
1.6723 10.8141 -0.965 0 0 -0.135 -0.4263 -0.8944
0.7576 10.4291 -0.4246 1 0 -0.4259 0.8872 0.1774
1.6723 10.8141 -0.965 1 0 -0.135 -0.4263 -0.8944
1.7537 10.8142 -0.794 1 1 0.6099 -0.425 0.6689
0.894 10.2578 -0.3635 0 1 0.6291 -0.4374 0.6426
-0.8118 10.8159 -1.8472 0 1 0.668 -0.4264 -0.6099
-0.8624 10.9587 -1.7335 0 0 0.2057 0.8795 0.4292
-0.3826 10.2586 -0.9874 1 0 0.6744 -0.4463 -0.5882
-0.3826 10.2586 -0.9874 0 1 0.6744 -0.4463 -0.5882
-0.8624 10.9587 -1.7335 0 0 0.2057 0.8795 0.4292
-0.4433 10.43 -0.851 1 0 0.212 0.8596 0.465
-0.8624 10.9587 -1.7335 0 1 0.2057 0.8795 0.4292
-0.9829 10.8161 -1.7658 0 0 -0.8957 -0.4239 0.1342
-0.4433 10.43 -0.851 1 0 0.212 0.8596 0.465
-0.4433 10.43 -0.851 0 1 0.212 0.8596 0.465
-0.9829 10.8161 -1.7658 0 0 -0.8957 -0.4239 0.1342
-0.5879 10.2589 -0.8897 1 0 -0.8734 -0.4515 0.1826
-0.9829 10.8161 -1.7658 1 0 -0.8957 -0.4239 0.1342
-0.8118 10.8159 -1.8472 1 1 0.668 -0.4264 -0.6099
-0.5879 10.2589 -0.8897 0 1 -0.8734 -0.4515 0.1826
-0.5879 10.2589 -0.8897 0 1 -0.8734 -0.4515 0.1826
-0.8118 10.8159 -1.8472 0 0 0.668 -0.4264 -0.6099
-0.3826 10.2586 -0.9874 1 0 0.6744 -0.4463 -0.5882
-1.865 10.8199 0.7184 0 1 -0.6108 -0.4251 -0.668
-1.751 10.9625 0.7689 0 0 0.4312 0.8785 -0.2057
-1.0065 10.2607 0.2891 1 0 -0.6383 -0.4138 -0.6491
-1.0065 10.2607 0.2891 0 1 -0.6383 -0.4138 -0.6491
-1.751 10.9625 0.7689 0 0 0.4312 0.8785 -0.2057
-0.8697 10.4318 0.3498 1 0 0.3859 0.9035 -0.1867
-1.751 10.9625 0.7689 0 1 0.4312 0.8785 -0.2057
-1.7836 10.82 0.8894 0 0 0.1333 -0.4242 0.8957
-0.8697 10.4318 0.3498 1 0 0.3859 0.9035 -0.1867
-0.8697 10.4318 0.3498 0 1 0.3859 0.9035 -0.1867
-1.7836 10.82 0.8894 0 0 0.1333 -0.4242 0.8957
-0.9088 10.2608 0.4944 1 0 0.0956 -0.412 0.9062
-1.7836 10.82 0.8894 1 0 0.1333 -0.4242 0.8957
-1.865 10.8199 0.7184 1 1 -0.6108 -0.4251 -0.668
-0.9088 10.2608 0.4944 0 1 0.0956 -0.412 0.9062
-0.9088 10.2608 0.4944 0 1 0.0956 -0.412 0.9062
-1.865 10.8199 0.7184 0 0 -0.6108 -0.4251 -0.668
-1.0065 10.2607 0.2891 1 0 -0.6383 -0.4138 -0.6491
0.1808 7.9896 3.7495 0 1 -0.9735 0.1482 -0.1744
0.3213 8.0435 3.8013 0 0 0.5555 0.7348 0.3892
0.417 8.3263 2.7178 1 0 -0.959 0.1651 -0.2304
0.417 8.3263 2.7178 0 1 -0.959 0.1651 -0.2304
0.3213 8.0435 3.8013 0 0 0.5555 0.7348 0.3892
0.5809 8.3892 2.7782 1 0 0.5768 0.7533 0.3161
0.3213 8.0435 3.8013 0 1 0.5555 0.7348 0.3892
0.3078 7.8937 3.7493 0 0 0.4086 -0.8955 -0.1764
0.5809 8.3892 2.7782 1 0 0.5768 0.7533 0.3161
0.5809 8.3892 2.7782 0 1 0.5768 0.7533 0.3161
0.3078 7.8937 3.7493 0 0 0.4086 -0.8955 -0.1764
0.5652 8.2144 2.7175 1 0 0.4302 -0.8674 -0.25
0.3078 7.8937 3.7493 1 0 0.4086 -0.8955 -0.1764
0.1808 7.9896 3.7495 1 1 -0.9735 0.1482 -0.1744
0.5652 8.2144 2.7175 0 1 0.4302 -0.8674 -0.25
0.5652 8.2144 2.7175 0 1 0.4302 -0.8674 -0.25
0.1808 7.9896 3.7495 0 0 -0.9735 0.1482 -0.1744
0.417 8.3263 2.7178 1 0 -0.959 0.1651 -0.2304
2.6896 7.9388 2.5851 0 1 -0.3627 -0.9101 0.2006
2.7177 8.0888 2.6299 0 0 -0.0563 0.7233 0.6883
1.7078 8.236 2.159 1 0 -0.329 -0.9217 0.2054
1.7078 8.236 2.159 0 1 -0.329 -0.9217 0.2054
2.7177 8.0888 2.6299 0 0 -0.0563 0.7233 0.6883
1.7407 8.4111 2.2112 1 0 -0.0132 0.7104 0.7036
2.7177 8.0888 2.6299 0 1 -0.0563 0.7233 0.6883
2.7647 8.0385 2.4864 0 0 0.4554 0.1752 -0.8729
1.7407 8.4111 2.2112 1 0 -0.0132 0.7104 0.7036
1.7407 8.4111 2.2112 0 1 -0.0132 0.7104 0.7036
2.7647 8.0385 2.4864 0 0 0.4554 0.1752 -0.8729
1.7955 8.3524 2.0439 1 0 0.4782 0.1615 -0.8633
2.7647 8.0385 2.4864 1 0 0.4554 0.1752 -0.8729
2.6896 7.9388 2.5851 1 1 -0.3627 -0.9101 0.2006
1.7955 8.3524 2.0439 0 1 0.4782 0.1615 -0.8633
1.7955 8.3524 2.0439 0 1 0.4782 0.1615 -0.8633
2.6896 7.9388 2.5851 0 0 -0.3627 -0.9101 0.2006
1.7078 8.236 2.159 1 0 -0.329 -0.9217 0.2054
2.1541 10.3432 1.3265 0 1 0.6511 -0.5731 -0.4976
2.1033 10.4077 1.4628 0 0 0.1005 0.1312 0.9862
1.5026 9.4581 1.4874 1 0 0.6559 -0.5465 -0.5207
1.5026 9.4581 1.4874 0 1 0.6559 -0.5465 -0.5207
2.1033 10.4077 1.4628 0 0 0.1005 0.1312 0.9862
1.4433 9.5334 1.6464 1 0 0.1111 0.1509 0.9823
2.1033 10.4077 1.4628 0 1 0.1005 0.1312 0.9862
2.0271 10.4391 1.3267 0 0 -0.7303 0.4701 -0.4957
1.4433 9.5334 1.6464 1 0 0.1111 0.1509 0.9823
1.4433 9.5334 1.6464 0 1 0.1111 0.1509 0.9823
2.0271 10.4391 1.3267 0 0 -0.7303 0.4701 -0.4957
0.7397 8.7775 1.6405 1 0 -0.7924 0.5481 -0.2677
2.0271 10.4391 1.3267 1 0 -0.7303 0.4701 -0.4957
2.1541 10.3432 1.3265 1 1 0.6511 -0.5731 -0.4976
0.7397 8.7775 1.6405 0 1 -0.7924 0.5481 -0.2677
0.7397 8.7775 1.6405 0 1 -0.7924 0.5481 -0.2677
2.1541 10.3432 1.3265 0 0 0.6511 -0.5731 -0.4976
1.5026 9.4581 1.4874 1 0 0.6559 -0.5465 -0.5207
-0.3546 10.3941 2.4909 0 1 0.0423 0.4871 -0.8723
-0.293 10.3624 2.6342 0 0 0.7123 0.1428 0.6872
0.2117 9.5484 2.0462 1 0 0.0424 0.4746 -0.8792
0.2117 9.5484 2.0462 0 1 0.0424 0.4746 -0.8792
-0.293 10.3624 2.6342 0 0 0.7123 0.1428 0.6872
0.2836 9.5115 2.2133 1 0 0.718 0.1229 0.6851
-0.293 10.3624 2.6342 0 1 0.7123 0.1428 0.6872
-0.4298 10.2943 2.5896 0 0 -0.7757 -0.5982 0.2012
0.2836 9.5115 2.2133 1 0 0.718 0.1229 0.6851
0.2836 9.5115 2.2133 0 1 0.718 0.1229 0.6851
-0.4298 10.2943 2.5896 0 0 -0.7757 -0.5982 0.2012
0.1241 9.4321 2.1612 1 0 -0.7556 -0.6277 0.1874
-0.4298 10.2943 2.5896 1 0 -0.7757 -0.5982 0.2012
-0.3546 10.3941 2.4909 1 1 0.0423 0.4871 -0.8723
0.1241 9.4321 2.1612 0 1 -0.7556 -0.6277 0.1874
0.1241 9.4321 2.1612 0 1 -0.7556 -0.6277 0.1874
-0.3546 10.3941 2.4909 0 0 0.0423 0.4871 -0.8723
0.2117 9.5484 2.0462 1 0 0.0424 0.4746 -0.8792
1.3834 9.8923 -2.6776 0 1 -0.3214 -0.7726 -0.5476
1.5022 9.9849 -2.6264 0 0 0.9717 0.2361 0.0092
1.5153 9.2185 -1.8044 1 0 -0.33 -0.7691 -0.5474
1.5153 9.2185 -1.8044 0 1 -0.33 -0.7691 -0.5474
1.5022 9.9849 -2.6264 0 0 0.9717 0.2361 0.0092
1.6539 9.3267 -1.7447 1 0 0.9699 0.2429 0.0142
1.5022 9.9849 -2.6264 0 1 0.9717 0.2361 0.0092
1.3527 10.0148 -2.5808 0 0 -0.6554 0.5611 0.5056
1.6539 9.3267 -1.7447 1 0 0.9699 0.2429 0.0142
1.6539 9.3267 -1.7447 0 1 0.9699 0.2429 0.0142
1.3527 10.0148 -2.5808 0 0 -0.6554 0.5611 0.5056
1.4794 9.3615 -1.6915 1 0 -0.6529 0.548 0.523
1.3527 10.0148 -2.5808 1 0 -0.6554 0.5611 0.5056
1.3834 9.8923 -2.6776 1 1 -0.3214 -0.7726 -0.5476
1.4794 9.3615 -1.6915 0 1 -0.6529 0.548 0.523
1.4794 9.3615 -1.6915 0 1 -0.6529 0.548 0.523
1.3834 9.8923 -2.6776 0 0 -0.3214 -0.7726 -0.5476
1.5153 9.2185 -1.8044 1 0 -0.33 -0.7691 -0.5474
2.0928 10.698 -0.1281 0 1 -0.8951 0.3398 -0.2887
2.2468 10.6724 -0.1587 0 0 0.7816 0.0606 -0.6209
1.8345 9.6893 -0.5148 1 0 -0.9052 0.3016 -0.2994
1.8345 9.6893 -0.5148 0 1 -0.9052 0.3016 -0.2994
2.2468 10.6724 -0.1587 0 0 0.7816 0.0606 -0.6209
2.0142 9.6594 -0.5504 1 0 0.7733 0.0082 -0.634
2.2468 10.6724 -0.1587 0 1 0.7816 0.0606 -0.6209
2.1863 10.6335 -0.0167 0 0 0.1226 -0.3627 0.9238
2.0142 9.6594 -0.5504 1 0 0.7733 0.0082 -0.634
2.0142 9.6594 -0.5504 0 1 0.7733 0.0082 -0.634
2.1863 10.6335 -0.0167 0 0 0.1226 -0.3627 0.9238
1.9436 9.614 -0.3848 1 0 0.1114 -0.4222 0.8996
2.1863 10.6335 -0.0167 1 0 0.1226 -0.3627 0.9238
2.0928 10.698 -0.1281 1 1 -0.8951 0.3398 -0.2887
1.9436 9.614 -0.3848 0 1 0.1114 -0.4222 0.8996
1.9436 9.614 -0.3848 0 1 0.1114 -0.4222 0.8996
2.0928 10.698 -0.1281 0 0 -0.8951 0.3398 -0.2887
1.8345 9.6893 -0.5148 1 0 -0.9052 0.3016 -0.2994
3.6496 8.4291 0.1558 0 1 -0.3513 0.3511 0.8679
3.7191 8.4545 0.0149 0 0 0.4057 0.6269 -0.6652
2.6456 8.5564 -0.302 1 0 -0.3224 0.3395 0.8836
2.6456 8.5564 -0.302 0 1 -0.3224 0.3395 0.8836
3.7191 8.4545 0.0149 0 0 0.4057 0.6269 -0.6652
2.7268 8.586 -0.4664 1 0 0.4499 0.6198 -0.643
3.7191 8.4545 0.0149 0 1 0.4057 0.6269 -0.6652
3.6803 8.3066 0.059 0 0 -0.0172 -0.9825 -0.1852
2.7268 8.586 -0.4664 1 0 0.4499 0.6198 -0.643
2.7268 8.586 -0.4664 0 1 0.4499 0.6198 -0.643
3.6803 8.3066 0.059 0 0 -0.0172 -0.9825 -0.1852
2.6814 8.4134 -0.4149 1 0 0.0089 -0.9864 -0.1643
3.6803 8.3066 0.059 1 0 -0.0172 -0.9825 -0.1852
3.6496 8.4291 0.1558 1 1 -0.3513 0.3511 0.8679
2.6814 8.4134 -0.4149 0 1 0.0089 -0.9864 -0.1643
2.6814 8.4134 -0.4149 0 1 0.0089 -0.9864 -0.1643
3.6496 8.4291 0.1558 0 0 -0.3513 0.3511 0.8679
2.6456 8.5564 -0.302 1 0 -0.3224 0.3395 0.8836
2.9402 7.6234 -2.3937 0 1 0.2224 -0.7613 0.6091
2.9745 7.767 -2.4529 0 0 0.5958 0.8024 -0.0351
2.3264 8.0856 -1.5917 1 0 0.2302 -0.7782 0.5843
2.3264 8.0856 -1.5917 0 1 0.2302 -0.7782 0.5843
2.9745 7.767 -2.4529 0 0 0.5958 0.8024 -0.0351
2.3664 8.2533 -1.6607 1 0 0.6117 0.7883 -0.0654
2.9745 7.767 -2.4529 0 1 0.5958 0.8024 -0.0351
2.8467 7.6879 -2.5051 0 0 -0.7952 -0.0587 -0.6034
2.3664 8.2533 -1.6607 1 0 0.6117 0.7883 -0.0654
2.3664 8.2533 -1.6607 0 1 0.6117 0.7883 -0.0654
2.8467 7.6879 -2.5051 0 0 -0.7952 -0.0587 -0.6034
2.2173 8.161 -1.7216 1 0 -0.7883 -0.068 -0.6115
2.8467 7.6879 -2.5051 1 0 -0.7952 -0.0587 -0.6034
2.9402 7.6234 -2.3937 1 1 0.2224 -0.7613 0.6091
2.2173 8.161 -1.7216 0 1 -0.7883 -0.068 -0.6115
2.2173 8.161 -1.7216 0 1 -0.7883 -0.068 -0.6115
2.9402 7.6234 -2.3937 0 0 0.2224 -0.7613 0.6091
2.3264 8.0856 -1.5917 1 0 0.2302 -0.7782 0.5843
-0.241 10.7429 -2.1132 0 1 -0.3333 0.3027 0.8929
-0.2654 10.7197 -2.2687 0 0 -0.5981 0.05 -0.7999
-0.5853 9.7104 -1.8916 1 0 -0.3449 0.2581 0.9024
-0.5853 9.7104 -1.8916 0 1 -0.3449 0.2581 0.9024
-0.2654 10.7197 -2.2687 0 0 -0.5981 0.05 -0.7999
-0.6136 9.6833 -2.073 1 0 -0.6113 -0.0102 -0.7914
-0.2654 10.7197 -2.2687 0 1 -0.5981 0.05 -0.7999
-0.1237 10.6862 -2.2045 0 0 0.944 -0.3141 -0.1008
-0.6136 9.6833 -2.073 1 0 -0.6113 -0.0102 -0.7914
-0.6136 9.6833 -2.073 0 1 -0.6113 -0.0102 -0.7914
-0.1237 10.6862 -2.2045 0 0 0.944 -0.3141 -0.1008
-0.4483 9.6442 -1.9981 1 0 0.9205 -0.38 -0.0912
-0.1237 10.6862 -2.2045 1 0 0.944 -0.3141 -0.1008
-0.241 10.7429 -2.1132 1 1 -0.3333 0.3027 0.8929
-0.4483 9.6442 -1.9981 0 1 0.9205 -0.38 -0.0912
-0.4483 9.6442 -1.9981 0 1 0.9205 -0.38 -0.0912
-0.241 10.7429 -2.1132 0 0 -0.3333 0.3027 0.8929
-0.5853 9.7104 -1.8916 1 0 -0.3449 0.2581 0.9024
0.2038 8.5304 -3.713 0 1 0.838 0.384 0.3877
0.0641 8.5506 -3.7865 0 0 -0.6822 0.6038 -0.4124
-0.2912 8.61 -2.7218 1 0 0.8555 0.3734 0.3587
-0.2912 8.61 -2.7218 0 1 0.8555 0.3734 0.3587
0.0641 8.5506 -3.7865 0 0 -0.6822 0.6038 -0.4124
-0.4542 8.6335 -2.8076 1 0 -0.659 0.5983 -0.4558
0.0641 8.5506 -3.7865 0 1 -0.6822 0.6038 -0.4124
0.1142 8.4041 -3.7497 0 0 -0.1368 -0.9905 -0.012
-0.4542 8.6335 -2.8076 1 0 -0.659 0.5983 -0.4558
-0.4542 8.6335 -2.8076 0 1 -0.659 0.5983 -0.4558
0.1142 8.4041 -3.7497 0 0 -0.1368 -0.9905 -0.012
-0.3957 8.4626 -2.7647 1 0 -0.116 -0.9926 -0.0366
0.1142 8.4041 -3.7497 1 0 -0.1368 -0.9905 -0.012
0.2038 8.5304 -3.713 1 1 0.838 0.384 0.3877
-0.3957 8.4626 -2.7647 0 1 -0.116 -0.9926 -0.0366
-0.3957 8.4626 -2.7647 0 1 -0.116 -0.9926 -0.0366
0.2038 8.5304 -3.713 0 0 0.838 0.384 0.3877
-0.2912 8.61 -2.7218 1 0 0.8555 0.3734 0.3587
-2.3238 7.5839 -3.1067 0 1 0.6527 -0.7249 -0.2203
-2.3889 7.7254 -3.1396 0 0 -0.056 0.8145 -0.5775
-1.5654 8.0691 -2.4562 1 0 0.6305 -0.742 -0.2279
-1.5654 8.0691 -2.4562 0 1 0.6305 -0.742 -0.2279
-2.3889 7.7254 -3.1396 0 0 -0.056 0.8145 -0.5775
-1.6414 8.2341 -2.4945 1 0 -0.0831 0.8012 -0.5926
-2.3889 7.7254 -3.1396 0 1 -0.056 0.8145 -0.5775
-2.4412 7.6406 -3.0154 0 0 -0.6246 -0.108 0.7734
-1.6414 8.2341 -2.4945 1 0 -0.0831 0.8012 -0.5926
-1.6414 8.2341 -2.4945 0 1 -0.0831 0.8012 -0.5926
-2.4412 7.6406 -3.0154 0 0 -0.6246 -0.108 0.7734
-1.7023 8.1352 -2.3497 1 0 -0.6297 -0.1155 0.7682
-2.4412 7.6406 -3.0154 1 0 -0.6246 -0.108 0.7734
-2.3238 7.5839 -3.1067 1 1 0.6527 -0.7249 -0.2203
-1.7023 8.1352 -2.3497 0 1 -0.6297 -0.1155 0.7682
-1.7023 8.1352 -2.3497 0 1 -0.6297 -0.1155 0.7682
-2.3238 7.5839 -3.1067 0 0 0.6527 -0.7249 -0.2203
-1.5654 8.0691 -2.4562 1 0 0.6305 -0.742 -0.2279
-2.7686 9.7964 -1.507 0 1 -0.5186 -0.8062 0.2849
-2.7184 9.8944 -1.6218 0 0 0.0282 0.2607 -0.965
-1.8595 9.1695 -1.626 1 0 -0.5151 -0.8056 0.2927
-1.8595 9.1695 -1.626 0 1 -0.5151 -0.8056 0.2927
-2.7184 9.8944 -1.6218 0 0 0.0282 0.2607 -0.965
-1.8008 9.2839 -1.7599 1 0 0.0377 0.2645 -0.9637
-2.7184 9.8944 -1.6218 0 1 0.0282 0.2607 -0.965
-2.6791 9.9227 -1.4702 0 0 0.4563 0.5684 0.6847
-1.8008 9.2839 -1.7599 1 0 0.0377 0.2645 -0.9637
-1.8008 9.2839 -1.7599 0 1 0.0377 0.2645 -0.9637
-2.6791 9.9227 -1.4702 0 0 0.4563 0.5684 0.6847
-1.755 9.3168 -1.5831 1 0 0.4787 0.5535 0.6815
-2.6791 9.9227 -1.4702 1 0 0.4563 0.5684 0.6847
-2.7686 9.7964 -1.507 1 1 -0.5186 -0.8062 0.2849
-1.755 9.3168 -1.5831 0 1 0.4787 0.5535 0.6815
-1.755 9.3168 -1.5831 0 1 0.4787 0.5535 0.6815
-2.7686 9.7964 -1.507 0 0 -0.5186 -0.8062 0.2849
-1.8595 9.1695 -1.626 1 0 -0.5151 -0.8056 0.2927
-2.2524 10.6708 -0.0057 0 1 0.896 0.3616 0.2577
-2.4054 10.6443 0.0289 0 0 -0.7694 0.0723 0.6346
-1.9723 9.6799 0.4106 1 0 0.9062 0.3273 0.2677
-1.9723 9.6799 0.4106 0 1 0.9062 0.3273 0.2677
-2.4054 10.6443 0.0289 0 0 -0.7694 0.0723 0.6346
-2.1508 9.6489 0.451 1 0 -0.7616 0.0247 0.6475
-2.4054 10.6443 0.0289 0 1 -0.7694 0.0723 0.6346
-2.3473 10.6012 -0.1128 0 0 -0.1365 -0.3968 -0.9077
-2.1508 9.6489 0.451 1 0 -0.7616 0.0247 0.6475
-2.1508 9.6489 0.451 0 1 -0.7616 0.0247 0.6475
-2.3473 10.6012 -0.1128 0 0 -0.1365 -0.3968 -0.9077
-2.083 9.5986 0.2857 1 0 -0.1246 -0.4521 -0.8832
-2.3473 10.6012 -0.1128 1 0 -0.1365 -0.3968 -0.9077
-2.2524 10.6708 -0.0057 1 1 0.896 0.3616 0.2577
-2.083 9.5986 0.2857 0 1 -0.1246 -0.4521 -0.8832
-2.083 9.5986 0.2857 0 1 -0.1246 -0.4521 -0.8832
-2.2524 10.6708 -0.0057 0 0 0.896 0.3616 0.2577
-1.9723 9.6799 0.4106 1 0 0.9062 0.3273 0.2677
-3.7831 8.3731 -0.1771 0 1 0.3285 0.3248 -0.8869
-3.8501 8.4025 -0.0358 0 0 -0.4006 0.6446 0.6511
-2.7718 8.5296 0.2548 1 0 0.4053 0.3377 -0.8495
-2.7718 8.5296 0.2548 0 1 0.4053 0.3377 -0.8495
-3.8501 8.4025 -0.0358 0 0 -0.4006 0.6446 0.6511
-2.85 8.5639 0.4197 1 0 -0.2989 0.6537 0.6952
-3.8501 8.4025 -0.0358 0 1 -0.4006 0.6446 0.6511
-3.8101 8.2536 -0.0754 0 0 0.0346 -0.9751 0.2192
-2.85 8.5639 0.4197 1 0 -0.2989 0.6537 0.6952
-2.85 8.5639 0.4197 0 1 -0.2989 0.6537 0.6952
-3.8101 8.2536 -0.0754 0 0 0.0346 -0.9751 0.2192
-2.8033 8.3903 0.3734 1 0 0.1247 -0.9562 0.2649
-3.8101 8.2536 -0.0754 1 0 0.0346 -0.9751 0.2192
-3.7831 8.3731 -0.1771 1 1 0.3285 0.3248 -0.8869
-2.8033 8.3903 0.3734 0 1 0.1247 -0.9562 0.2649
-2.8033 8.3903 0.3734 0 1 0.1247 -0.9562 0.2649
-3.7831 8.3731 -0.1771 0 0 0.3285 0.3248 -0.8869
-2.7718 8.5296 0.2548 1 0 0.4053 0.3377 -0.8495
-3.0105 7.6674 2.3836 0 1 -0.2243 -0.7852 -0.5772
-3.0456 7.8126 2.4385 0 0 -0.606 0.7952 0.0194
-2.4197 8.109 1.5532 1 0 -0.232 -0.8018 -0.5508
-2.4197 8.109 1.5532 0 1 -0.232 -0.8018 -0.5508
-3.0456 7.8126 2.4385 0 0 -0.606 0.7952 0.0194
-2.4606 8.2785 1.6171 1 0 -0.6223 0.781 0.0517
-3.0456 7.8126 2.4385 0 1 -0.606 0.7952 0.0194
-2.9156 7.7371 2.4907 0 0 0.8082 -0.0269 0.5883
-2.4606 8.2785 1.6171 1 0 -0.6223 0.781 0.0517
-2.4606 8.2785 1.6171 0 1 -0.6223 0.781 0.0517
-2.9156 7.7371 2.4907 0 0 0.8082 -0.0269 0.5883
-2.309 8.1903 1.6781 1 0 0.8004 -0.0372 0.5983
-2.9156 7.7371 2.4907 1 0 0.8082 -0.0269 0.5883
-3.0105 7.6674 2.3836 1 1 -0.2243 -0.7852 -0.5772
-2.309 8.1903 1.6781 0 1 0.8004 -0.0372 0.5983
-2.309 8.1903 1.6781 0 1 0.8004 -0.0372 0.5983
-3.0105 7.6674 2.3836 0 0 -0.2243 -0.7852 -0.5772
-2.4197 8.109 1.5532 1 0 -0.232 -0.8018 -0.5508
-1.4798 9.9652 2.555 0 1 0.3432 -0.7484 0.5675
-1.6009 10.0544 2.5031 0 0 -0.9748 0.2229 0.0029
-1.6202 9.2593 1.709 1 0 0.3525 -0.7429 0.569
-1.6202 9.2593 1.709 0 1 0.3525 -0.7429 0.569
-1.6009 10.0544 2.5031 0 0 -0.9748 0.2229 0.0029
-1.7614 9.3634 1.6485 1 0 -0.9728 0.2318 0.0005
-1.6009 10.0544 2.5031 0 1 -0.9748 0.2229 0.0029
-1.4528 10.0846 2.4534 0 0 0.6371 0.5514 -0.5386
-1.7614 9.3634 1.6485 1 0 -0.9728 0.2318 0.0005
-1.7614 9.3634 1.6485 0 1 -0.9728 0.2318 0.0005
-1.4528 10.0846 2.4534 0 0 0.6371 0.5514 -0.5386
-1.5887 9.3987 1.5904 1 0 0.635 0.5395 -0.5529
-1.4528 10.0846 2.4534 1 0 0.6371 0.5514 -0.5386
-1.4798 9.9652 2.555 1 1 0.3432 -0.7484 0.5675
-1.5887 9.3987 1.5904 0 1 0.635 0.5395 -0.5529
-1.5887 9.3987 1.5904 0 1 0.635 0.5395 -0.5529
-1.4798 9.9652 2.555 0 0 0.3432 -0.7484 0.5675
-1.6202 9.2593 1.709 1 0 0.3525 -0.7429 0.569
-0.0075 8.6572 -0.2482 0.4952 -3.264 0.2127 0.0201 -0.9769
0.101 8.6574 0.1147 0.8851 -3.2641 0.7187 0.0251 0.6949
0.1154 -0.0005 -0.3941 0.5453 0.5002 0.2365 0.0197 -0.9714
0.1154 -0.0005 -0.3941 0.5453 0.5002 0.2365 0.0197 -0.9714
0.101 8.6574 0.1147 0.8851 -3.2641 0.7187 0.0251 0.6949
0.3015 -0 0.2282 0.8531 0.5 0.7299 0.0259 0.683
0.101 8.6574 0.1147 -0.1149 -3.2641 0.7187 0.0251 0.6949
-0.3305 0.0005 0.0782 0.213 0.4998 -0.9576 0.0087 0.288
0.3015 -0 0.2282 -0.1469 0.5 0.7299 0.0259 0.683
-0.3305 0.0005 0.0782 0.213 0.4998 -0.9576 0.0087 0.288
-0.0075 8.6572 -0.2482 0.4952 -3.264 0.2127 0.0201 -0.9769
0.1154 -0.0005 -0.3941 0.5453 0.5002 0.2365 0.0197 -0.9714
0.101 8.6574 0.1147 -0.1149 -3.2641 0.7187 0.0251 0.6949
-0.2364 9.7683 0.0171 0.2385 -3.7471 -0.9577 0.0276 0.2864
-0.3305 0.0005 0.0782 0.213 0.4998 -0.9576 0.0087 0.288
-0.2364 9.7683 0.0171 0.2385 -3.7471 -0.9577 0.0276 0.2864
-0.0075 8.6572 -0.2482 0.4952 -3.264 0.2127 0.0201 -0.9769
-0.3305 0.0005 0.0782 0.213 0.4998 -0.9576 0.0087 0.288
-0.0255 11.9892 -0.1607 0.475 -4.7127 0.2308 0.0268 -0.9726
0.101 8.6574 0.1147 0.8851 -3.2641 0.7187 0.0251 0.6949
-0.0075 8.6572 -0.2482 0.4952 -3.264 0.2127 0.0201 -0.9769
-0.2364 9.7683 0.0171 0.2385 -3.7471 -0.9577 0.0276 0.2864
-0.0255 11.9892 -0.1607 0.475 -4.7127 0.2308 0.0268 -0.9726
-0.0075 8.6572 -0.2482 0.4952 -3.264 0.2127 0.0201 -0.9769
-0.0255 11.9892 -0.1607 0.475 -4.7127 0.2308 0.0268 -0.9726
0.0366 11.9893 0.0467 0.8943 -4.7127 0.7269 0.0281 0.6861
0.101 8.6574 0.1147 0.8851 -3.2641 0.7187 0.0251 0.6949
0.0366 11.9893 0.0467 -0.1057 -4.7127 0.7269 0.0281 0.6861
-0.1741 11.9895 -0.0033 0.253 -4.7128 -0.9577 0.0295 0.2864
0.101 8.6574 0.1147 -0.1149 -3.2641 0.7187 0.0251 0.6949
0.101 8.6574 0.1147 -0.1149 -3.2641 0.7187 0.0251 0.6949
-0.1741 11.9895 -0.0033 0.253 -4.7128 -0.9577 0.0295 0.2864
-0.2364 9.7683 0.0171 0.2385 -3.7471 -0.9577 0.0276 0.2864
-0.1741 11.9895 -0.0033 0.253 -4.7128 -0.9577 0.0295 0.2864
-0.0255 11.9892 -0.1607 0.475 -4.7127 0.2308 0.0268 -0.9726
-0.2364 9.7683 0.0171 0.2385 -3.7471 -0.9577 0.0276 0.2864
